381
1 2 0 0 0 0 0 0 0 46 159
1 0 2 0 0 0 0 0 0 117 218
1 0 0 0 2 0 0 0 0 189 231
1 0 0 0 0 2 0 0 0 98 214
1 0 0 0 0 0 0 0 2 97 186
1 2 0 0 0 2 0 1 0 5 15
1 0 2 0 0 2 0 1 0 20 16
1 0 0 2 0 2 0 1 0 11 12
1 0 0 0 2 2 0 1 0 31 16
1 0 0 0 0 2 2 1 0 8 13
1 0 0 0 0 2 0 1 2 11 11
1 2 2 0 0 2 1 1 0 4 13
1 2 0 2 0 2 1 1 0 3 10
1 2 0 0 2 2 1 1 0 2 20
1 2 0 0 0 2 1 1 2 4 17
2 1 0 0 0 0 0 0 0 85 135
0 1 0 2 0 0 0 0 0 88 141
0 1 0 0 2 0 0 0 0 177 154
0 1 0 0 0 0 2 0 0 161 173
0 1 0 0 0 0 0 2 0 93 128
2 1 0 0 0 0 2 1 0 11 9
0 1 2 0 0 0 2 1 0 3 5
0 1 0 2 0 0 2 1 0 4 8
0 1 0 0 2 0 2 1 0 31 21
0 1 0 0 0 2 2 1 0 6 14
0 1 0 0 0 0 2 1 2 3 10
2 1 1 2 0 0 2 1 0 20 1
2 1 1 0 2 0 2 1 0 18 1
2 1 1 0 0 2 2 1 0 3 9
2 1 1 0 0 0 2 1 2 3 12
1 1 2 0 2 0 0 0 0 46 31
1 1 0 2 2 0 0 0 0 33 56
1 1 0 0 2 2 0 0 0 14 36
1 1 0 0 2 0 2 0 0 16 40
1 1 0 0 2 0 0 2 0 4 24
1 1 0 0 2 0 0 0 2 6 36
1 1 2 2 2 0 0 1 0 19 1
1 1 2 0 2 2 0 1 0 19 1
1 1 2 0 2 0 2 1 0 24 1
1 1 2 2 2 1 2 1 0 33 1
1 1 2 2 2 1 0 1 2 1 1
1 1 0 2 2 2 0 1 0 22 1
1 1 0 0 2 2 2 1 0 3 9
1 1 0 0 2 2 0 1 2 5 5
1 1 2 1 2 2 2 1 0 30 1
1 1 2 1 2 2 0 1 2 37 1
1 1 2 0 0 2 0 0 0 25 9
1 1 0 2 0 2 0 0 0 13 30
1 1 0 0 0 2 2 0 0 1 11
1 1 0 0 0 2 0 2 0 3 25
1 1 0 0 0 2 0 0 2 24 23
1 1 2 0 2 2 1 0 0 4 14
1 1 0 2 2 2 1 0 0 46 1
1 1 0 0 2 2 1 0 2 5 27
1 2 0 0 2 1 0 0 0 22 14
1 0 2 0 2 1 0 0 0 13 20
1 0 0 2 2 1 0 0 0 11 29
1 0 0 0 2 1 2 0 0 28 28
1 0 0 0 2 1 0 0 2 6 19
1 2 2 0 2 1 0 1 0 8 13
1 2 0 2 2 1 0 1 0 1 5
1 2 0 0 2 1 2 1 0 8 3
1 2 0 0 2 1 0 1 2 1 4
1 2 2 1 2 1 0 1 2 1 25
2 1 2 1 0 0 0 0 0 7 12
2 1 0 1 2 0 0 0 0 13 4
2 1 0 1 0 2 0 0 0 2 8
2 1 0 1 0 0 0 0 2 5 11
2 1 2 1 2 0 0 1 0 10 3
2 1 2 1 0 2 0 1 0 1 6
2 1 2 1 0 0 2 1 0 1 4
2 1 2 1 0 0 0 1 2 2 7
2 1 2 1 2 1 2 1 0 11 1
2 0 0 0 1 0 0 0 0 340 667
0 2 0 0 1 0 0 0 0 183 636
2 1 2 0 1 0 0 0 0 1 25
2 1 0 2 1 0 0 0 0 29 112
2 1 0 0 1 2 0 0 0 3 36
2 1 0 0 1 0 2 0 0 49 121
2 1 0 0 1 0 0 2 0 27 62
2 1 0 0 1 0 0 0 2 6 65
2 1 2 1 1 2 0 0 0 1 19
2 1 2 1 1 0 2 0 0 1 18
2 1 2 1 1 0 0 2 0 1 20
2 1 2 1 1 0 0 0 2 6 45
2 1 2 1 1 2 1 2 0 1 1
2 1 2 1 1 2 1 0 2 61 1
2 1 2 0 0 0 0 0 1 3 11
2 1 0 0 0 2 0 0 1 5 16
2 1 0 0 0 0 2 0 1 31 15
2 1 0 0 0 0 0 2 1 5 12
2 1 2 0 2 1 0 0 1 10 2
2 1 0 2 2 1 0 0 1 1 8
2 1 0 0 2 1 2 0 1 2 12
2 1 0 0 2 1 0 2 1 1 4
2 1 2 0 2 1 2 1 1 29 1
2 2 0 0 1 1 0 0 0 43 123
2 0 0 2 1 1 0 0 0 144 79
2 0 0 0 1 1 2 0 0 7 28
2 0 0 0 1 1 0 2 0 7 57
2 2 0 2 1 1 1 0 0 8 45
2 0 2 2 1 1 1 0 0 26 9
2 0 0 2 1 1 1 2 0 1 13
2 0 0 2 1 1 1 0 2 1 29
2 2 0 2 1 1 1 2 1 1 22
2 0 2 2 1 1 1 2 1 1 1
2 2 2 0 1 1 1 0 0 96 1
2 2 0 0 1 1 1 2 0 7 27
2 2 0 0 1 1 1 0 2 3 23
2 2 2 0 1 1 1 2 1 51 1
2 0 2 0 1 1 1 2 0 4 24
2 0 2 0 1 1 1 0 2 8 55
2 2 2 0 1 1 0 1 0 75 1
2 0 2 2 1 1 0 1 0 8 25
2 0 2 0 1 1 2 1 0 4 15
2 2 0 0 1 0 1 0 0 90 112
0 2 2 0 1 0 1 0 0 95 112
0 2 0 2 1 0 1 0 0 8 66
0 2 0 0 1 2 1 0 0 2 20
0 2 0 0 1 0 1 2 0 6 72
0 2 0 0 1 0 1 0 2 8 69
0 2 2 2 1 1 1 0 0 23 8
0 2 0 2 1 1 1 2 0 1 18
0 2 0 2 1 1 1 0 2 1 18
0 2 2 2 1 1 1 2 1 1 23
2 2 1 0 1 0 0 0 0 11 98
2 0 1 0 1 2 0 0 0 1 32
2 0 1 0 1 0 2 0 0 103 78
2 0 1 0 1 0 0 0 2 4 35
2 2 1 2 1 0 2 1 1 69 1
2 2 2 0 1 0 1 1 0 137 1
2 2 0 2 1 0 1 1 0 5 53
2 2 0 0 1 2 1 1 0 3 26
2 2 0 0 1 0 1 1 2 11 32
1 2 0 0 2 0 0 0 1 51 37
1 0 2 0 2 0 0 0 1 21 40
1 2 2 0 2 1 0 0 1 11 4
1 2 0 2 2 1 0 0 1 1 14
1 2 0 0 2 1 2 0 1 9 13
1 2 0 0 2 1 0 2 1 35 1
1 2 2 0 2 1 2 1 1 44 1
1 2 0 2 2 1 2 1 1 1 29
0 1 0 2 1 0 0 2 0 17 66
2 1 0 2 1 1 0 2 0 18 5
2 1 0 0 1 1 0 2 2 2 21
2 1 2 0 1 1 2 2 1 1 31
2 1 0 2 1 1 2 2 1 68 1
0 1 0 2 2 0 0 1 0 50 9
2 1 2 0 2 0 1 1 0 7 12
2 1 0 2 2 0 1 1 0 6 13
1 1 2 0 2 0 1 0 2 1 10
1 1 0 2 2 0 1 0 2 2 12
1 1 0 0 2 0 1 2 2 1 16
1 1 2 0 2 2 1 1 2 19 1
1 1 0 2 2 2 1 1 2 31 1
2 1 0 0 0 1 2 0 0 15 7
0 1 0 2 0 1 2 0 0 28 16
0 1 0 0 2 1 2 0 0 14 10
0 1 2 2 1 1 2 0 0 4 35
0 1 0 2 1 1 2 2 0 27 1
0 1 2 2 1 1 2 2 1 1 28
2 1 2 0 1 0 1 2 0 1 5
2 1 0 2 1 0 1 2 0 1 19
2 1 2 0 1 2 1 2 1 1 1
2 1 0 2 1 2 1 2 1 1 54
1 2 2 0 0 0 0 1 0 1 12
1 2 0 2 0 0 0 1 0 4 12
1 2 0 0 0 0 2 1 0 9 15
1 2 2 1 0 0 0 1 2 1 11
1 2 0 1 0 2 0 1 2 2 8
1 2 0 1 0 0 2 1 2 1 4
2 0 0 0 1 2 0 0 1 19 102
2 2 2 0 1 0 1 0 1 61 1
2 0 2 2 1 0 1 0 1 3 40
2 0 2 0 1 0 1 2 1 8 1
2 2 2 1 1 0 1 0 0 106 1
0 2 2 1 1 2 1 0 0 7 22
0 2 2 1 1 0 1 2 0 4 24
0 2 2 1 1 0 1 0 2 1 21
0 1 2 1 2 0 0 0 0 25 9
0 1 0 1 2 2 0 0 0 6 11
2 1 2 1 2 1 0 0 0 12 1
2 1 0 1 2 1 0 2 0 9 4
2 1 0 1 2 1 0 0 2 18 1
0 1 2 1 0 0 2 0 0 5 9
0 1 0 1 0 2 2 0 0 6 9
0 1 0 1 0 0 2 2 0 16 14
1 1 0 1 2 2 2 1 2 1 10
1 2 0 2 1 0 0 0 0 1 26
1 2 1 2 1 0 0 0 2 1 16
1 2 1 0 1 2 0 0 2 1 21
1 2 1 0 1 0 0 2 2 14 33
2 1 2 0 1 1 1 2 2 1 71
2 1 0 2 1 1 1 2 2 1 30
1 0 2 2 0 0 0 1 0 5 12
1 0 2 0 0 0 2 1 0 27 30
1 2 2 0 2 0 0 1 1 13 27
1 0 2 0 2 2 0 1 1 7 16
1 0 2 0 2 0 2 1 1 30 1
1 2 2 0 0 1 0 0 0 3 12
1 2 2 0 2 1 1 0 0 4 21
1 0 2 2 2 1 1 0 0 1 6
1 0 2 0 2 1 1 2 0 2 9
1 0 2 0 2 1 1 0 2 1 11
1 2 2 2 2 1 1 0 1 1 20
1 2 2 0 2 1 1 2 1 39 1
2 2 1 0 1 1 2 0 0 11 62
2 2 1 0 1 1 0 2 0 1 21
2 2 1 0 1 1 0 0 2 1 16
1 2 2 0 0 0 1 0 0 1 13
1 0 2 2 0 0 1 0 0 6 15
1 0 2 0 2 0 1 0 0 1 18
1 0 2 0 0 2 1 0 0 17 37
1 0 2 0 0 0 1 2 0 2 16
1 0 2 0 0 0 1 0 2 10 31
1 2 2 0 2 0 1 0 1 5 34
1 0 2 2 2 0 1 0 1 2 19
2 2 0 0 1 2 0 1 1 4 21
2 0 0 0 1 2 2 1 1 3 19
1 2 0 0 0 2 1 0 0 3 24
1 0 0 2 0 2 1 0 0 19 9
1 0 0 0 2 2 1 0 0 8 19
1 2 2 0 1 2 1 0 0 6 54
1 2 0 2 1 2 1 0 0 1 23
1 2 0 0 1 2 1 2 0 1 14
1 2 0 0 1 2 1 0 2 4 29
2 1 0 1 2 2 1 0 0 11 3
0 1 0 1 2 2 1 2 0 1 6
0 1 0 1 2 2 1 0 2 4 6
2 1 1 1 2 2 1 2 0 1 1
2 1 1 1 2 2 1 0 2 38 1
0 1 1 1 2 2 1 2 2 1 9
0 2 0 1 1 0 0 2 0 1 24
0 2 0 1 1 2 2 1 0 1 4
2 1 0 1 2 0 1 2 0 9 1
0 1 0 1 2 0 1 2 2 9 21
0 1 0 2 2 2 1 0 1 17 1
0 1 0 2 2 0 1 2 1 20 4
1 1 2 2 2 0 1 2 1 1 1
1 1 0 2 2 2 1 2 1 36 1
2 1 0 1 2 2 1 2 1 1 1
0 1 2 1 2 2 1 2 1 1 31
2 2 0 0 1 0 2 1 1 55 1
1 1 2 2 0 0 0 0 0 2 11
1 1 0 2 0 0 2 0 0 10 34
1 1 0 2 0 0 0 2 0 1 15
1 1 0 2 0 0 0 0 2 1 11
2 2 1 1 1 0 2 0 0 1 23
2 2 1 1 1 0 0 2 0 1 31
2 2 1 1 1 0 0 0 2 1 31
2 2 1 1 1 2 2 1 0 1 1
2 1 1 2 0 2 0 0 1 17 1
2 1 1 2 0 0 2 0 1 33 1
1 1 2 2 0 2 0 0 1 6 10
1 1 0 2 0 2 2 0 1 4 13
1 1 0 2 0 2 0 2 1 3 14
0 2 0 2 1 2 1 1 0 1 22
0 2 0 2 1 0 1 1 2 1 10
1 2 1 2 0 2 0 1 0 2 4
1 2 1 0 0 2 2 1 0 1 1
1 2 1 0 0 2 0 1 2 1 7
1 2 1 1 0 2 2 1 2 1 1
1 1 0 2 2 0 0 1 2 3 10
1 1 2 2 2 0 1 1 2 1 1
1 2 2 1 0 1 2 0 0 6 7
1 2 2 1 0 1 0 2 0 1 7
1 2 2 1 0 1 0 0 2 1 5
2 1 1 0 0 0 2 0 0 41 12
0 1 1 0 0 0 2 2 0 9 27
0 1 1 0 0 0 2 0 2 26 31
0 1 1 2 0 2 2 1 0 2 7
0 1 1 2 0 0 2 1 2 5 11
0 1 0 1 0 2 0 2 0 2 6
1 1 2 1 2 0 0 2 0 8 21
1 1 2 1 0 2 0 2 0 2 8
1 1 2 1 0 0 2 2 0 13 1
1 1 2 1 0 0 0 2 2 6 11
1 1 2 1 0 1 2 2 2 18 1
1 2 0 2 2 0 1 0 1 6 14
1 2 0 0 2 2 1 0 1 3 10
1 2 0 0 2 0 1 2 1 50 1
2 1 2 1 2 1 1 0 2 43 1
2 0 0 1 1 2 0 2 1 1 6
0 2 0 2 1 0 2 1 1 12 28
2 1 2 0 1 2 1 0 0 4 29
2 1 0 2 1 2 0 0 1 8 40
2 1 1 2 1 2 0 0 0 1 22
2 1 1 2 1 0 0 0 2 5 31
2 0 1 0 1 1 2 0 2 10 24
1 1 2 2 0 1 0 2 0 1 5
1 1 2 0 0 1 2 2 0 9 2
1 1 2 0 0 1 0 2 2 3 7
0 1 0 2 0 2 0 1 0 3 6
2 1 0 2 2 1 0 1 0 26 5
1 2 1 0 2 2 0 0 1 11 1
1 2 2 0 0 0 0 0 1 5 26
1 0 2 2 0 0 0 0 1 6 24
1 0 2 0 0 0 2 0 1 3 14
1 2 2 2 0 0 1 0 1 1 10
1 2 2 0 0 2 1 0 1 1 13
1 2 2 0 0 0 1 2 1 1 8
1 1 2 1 0 2 0 0 2 33 1
1 1 0 1 2 2 0 0 2 3 14
1 1 0 1 0 2 0 2 2 1 9
1 2 1 0 2 0 0 0 0 52 14
1 0 1 2 2 0 0 0 0 11 39
0 1 0 2 0 2 2 1 1 3 4
2 1 2 1 0 2 2 1 1 1 14
1 2 2 0 0 1 1 2 0 2 11
1 0 2 0 0 1 1 2 2 1 5
1 2 2 0 1 1 1 2 2 1 35
2 2 2 2 1 1 0 1 1 52 1
1 0 2 0 2 1 0 1 2 12 3
1 2 0 0 1 0 1 2 2 1 37
1 1 2 0 2 0 1 2 0 1 7
1 1 0 2 2 0 1 2 0 1 11
2 1 2 1 0 1 0 2 0 1 4
2 1 0 1 0 1 0 2 2 1 6
2 1 1 0 0 0 0 2 0 19 20
2 1 1 0 0 0 0 0 2 21 15
2 1 1 2 0 0 0 1 2 3 7
1 2 1 2 2 2 1 0 1 14 1
2 1 1 2 0 0 1 2 0 1 13
2 1 1 0 2 0 1 2 0 10 5
2 1 1 0 0 2 1 2 0 1 6
2 1 1 0 0 0 1 2 2 9 15
2 1 1 2 0 1 1 2 2 1 13
1 2 2 1 0 0 2 1 0 2 8
1 2 2 1 0 2 2 1 1 1 9
0 1 0 1 0 2 1 2 2 1 6
1 1 2 1 2 0 2 0 0 28 1
1 1 0 1 2 0 2 2 0 2 13
1 1 0 1 2 0 2 0 2 10 17
1 2 1 0 2 1 0 0 2 9 1
1 2 0 0 2 2 0 1 1 2 14
1 2 1 0 0 2 0 0 0 5 11
1 0 1 2 0 2 0 0 0 7 17
1 2 1 1 0 2 2 0 0 1 4
1 0 1 1 0 2 2 0 2 2 10
2 1 1 1 0 0 2 0 2 24 1
0 1 1 1 0 0 2 2 2 22 1
2 1 0 1 2 0 1 0 2 24 1
1 2 0 0 0 2 0 0 1 1 8
1 0 0 2 0 2 0 0 1 9 15
1 0 0 0 0 2 0 2 1 1 7
2 1 2 0 2 1 1 2 1 1 1
0 1 1 2 0 0 1 2 2 1 9
1 0 2 1 0 2 0 0 0 20 39
2 2 2 1 1 0 1 1 2 33 1
2 2 0 1 1 2 1 1 2 1 4
0 1 1 2 2 1 0 2 0 1 7
1 2 1 2 0 2 0 0 1 5 5
1 2 1 2 0 0 0 2 1 2 7
2 1 2 1 0 0 2 0 1 2 7
2 1 0 1 0 2 2 0 1 1 4
2 1 0 1 0 0 2 2 1 1 7
1 2 1 1 0 2 0 0 2 1 5
1 2 1 1 0 0 2 0 2 3 1
1 2 1 1 0 0 0 2 2 6 9
2 1 0 2 0 1 2 1 0 10 1
1 2 2 1 2 1 0 2 1 28 1
1 0 2 1 2 1 2 2 1 15 1
2 1 0 0 2 1 2 1 0 8 1
2 1 2 1 2 2 1 0 1 1 31
1 2 1 1 0 1 2 2 2 7 1
1 2 2 1 0 1 2 2 1 1 5
1 2 0 1 2 0 2 0 1 27 1
1 1 2 2 0 2 1 2 1 1 13
1 2 2 0 0 1 2 0 1 1 7
0 1 2 1 2 0 2 0 1 13 1
0 1 2 1 0 2 2 0 1 5 6
2 1 2 0 0 0 1 2 1 1 1
1 1 2 1 0 0 2 0 2 7 1
1 2 2 2 0 1 0 1 0 1 3
1 2 0 2 1 0 1 2 0 1 22
1 1 2 2 0 0 2 0 1 3 9
1 1 0 2 0 0 2 2 1 1 12
1 2 1 2 0 2 1 2 1 1 3
0 1 2 2 0 1 1 2 0 1 1
1 2 1 2 0 0 1 0 2 1 11
2 1 2 1 0 1 2 1 2 1 2
