383
1 0 0 0 0 0 0 0 0 1004 539
0 1 0 0 0 0 0 0 0 727 596
0 0 0 0 1 0 0 0 0 1327 515
1 1 0 0 0 2 0 0 0 47 36
1 0 1 0 0 2 0 0 0 72 18
1 0 0 1 0 2 0 0 0 79 32
1 0 0 0 1 2 0 0 0 170 84
1 0 0 0 0 2 1 0 0 21 22
1 0 0 0 0 2 0 1 0 23 28
1 0 0 0 0 2 0 0 1 60 25
1 2 1 0 0 2 0 1 0 3 4
1 2 0 1 0 2 0 1 0 5 1
1 2 0 0 1 2 0 1 0 31 13
1 2 0 0 0 2 1 1 0 17 3
1 2 0 0 0 2 0 1 1 9 2
1 2 2 1 0 2 1 1 0 16 1
1 2 2 0 1 2 1 1 0 2 19
1 2 2 0 0 2 1 1 1 16 1
1 1 0 0 0 0 2 0 0 75 46
0 1 1 0 0 0 2 0 0 71 68
0 1 0 1 0 0 2 0 0 35 36
0 1 0 0 1 0 2 0 0 173 119
0 1 0 0 0 1 2 0 0 12 20
0 1 0 0 0 0 2 1 0 38 33
0 1 0 0 0 0 2 0 1 51 36
2 1 1 0 0 0 2 1 0 8 19
2 1 0 1 0 0 2 1 0 3 8
2 1 0 0 1 0 2 1 0 62 1
2 1 0 0 0 1 2 1 0 2 9
1 1 0 0 2 0 0 0 0 171 89
1 0 1 0 2 0 0 0 0 53 58
1 0 0 0 2 1 0 0 0 72 79
1 0 0 0 2 0 0 0 1 57 50
1 1 2 1 2 0 0 0 0 27 30
1 1 2 0 2 1 0 0 0 1 9
1 1 2 0 2 0 1 0 0 18 5
1 1 2 0 2 0 0 1 0 1 15
1 1 2 0 2 0 0 0 1 1 15
1 1 2 2 2 1 0 1 0 1 12
1 1 2 2 2 0 1 1 0 1 16
1 1 2 2 2 0 0 1 1 1 19
1 1 1 0 2 2 0 0 0 77 1
1 1 0 1 2 2 0 0 0 22 6
1 1 0 0 2 2 1 0 0 19 21
1 1 0 0 2 2 0 1 0 3 14
1 1 0 0 2 2 0 0 1 10 21
1 1 2 1 2 2 0 1 0 1 17
1 1 2 0 2 2 1 1 0 1 15
1 1 2 0 2 2 0 1 1 1 11
1 1 2 1 2 2 1 0 0 28 1
1 1 2 0 2 2 1 0 1 4 17
1 2 1 0 2 1 0 0 0 4 25
1 2 0 1 2 1 0 0 0 5 32
1 2 0 0 2 1 1 0 0 1 13
1 2 0 0 2 1 0 1 0 16 5
1 2 2 1 2 1 0 1 0 3 17
1 2 2 0 2 1 1 1 0 33 1
1 2 2 0 2 1 0 1 1 4 13
2 1 1 0 0 0 0 0 0 13 26
2 1 0 1 0 0 0 0 0 19 11
2 1 0 0 1 0 0 0 0 287 69
2 1 0 0 0 0 1 0 0 62 35
2 1 0 0 0 0 0 0 1 47 35
2 1 2 1 1 0 0 0 0 66 3
2 1 2 1 0 0 1 0 0 4 14
2 1 2 1 0 0 0 1 0 6 4
2 1 2 1 0 0 0 0 1 12 8
2 1 2 1 2 1 0 1 0 1 10
2 1 2 1 2 0 1 1 0 2 15
2 1 2 1 2 0 0 1 1 3 16
2 0 1 0 1 0 0 0 0 209 109
2 0 0 0 1 0 0 0 1 153 117
2 1 2 0 1 0 1 0 0 59 7
2 1 2 0 1 0 0 1 0 36 1
2 1 2 1 1 2 1 0 0 1 21
2 1 2 1 1 2 0 1 0 42 1
2 1 2 1 1 2 0 0 1 9 1
2 1 2 1 1 2 1 2 1 1 1
2 1 0 1 2 0 0 0 1 4 5
2 1 0 0 2 1 0 0 1 9 8
2 1 0 0 2 0 1 0 1 28 4
2 1 0 0 2 0 0 1 1 11 11
2 1 1 0 2 1 2 0 1 36 1
2 1 0 0 2 1 2 1 1 1 17
2 1 0 2 1 1 0 0 0 13 42
2 0 1 2 1 1 0 0 0 46 88
2 0 0 2 1 1 1 0 0 45 21
2 0 0 2 1 1 0 1 0 17 51
2 0 0 2 1 1 0 0 1 5 31
2 1 0 2 1 1 1 2 0 8 1
2 0 1 2 1 1 1 2 0 19 1
2 0 0 2 1 1 1 2 1 7 1
2 2 1 2 1 1 1 2 1 22 1
2 2 1 0 1 1 0 0 0 83 8
2 2 0 1 1 1 0 0 0 107 1
2 2 0 0 1 1 1 0 0 20 40
2 2 0 0 1 1 0 0 1 12 47
2 2 1 0 1 1 1 2 0 33 1
2 2 0 1 1 1 1 2 0 24 1
2 2 0 0 1 1 1 2 1 4 16
2 0 2 0 1 1 1 0 0 10 43
2 0 2 0 1 1 0 1 0 13 25
2 0 2 0 1 1 0 0 1 10 46
2 1 2 0 1 1 1 2 0 9 1
2 0 2 1 1 1 1 2 0 48 1
2 0 2 0 1 1 1 2 1 1 14
2 1 0 0 1 1 0 0 2 17 2
2 0 1 0 1 1 0 0 2 34 10
2 0 0 1 1 1 0 0 2 18 1
2 0 0 0 1 1 1 0 2 45 2
2 0 0 0 1 1 0 1 2 28 3
2 1 2 0 1 1 2 1 0 39 1
2 0 2 0 1 1 2 1 1 1 9
1 2 0 0 1 0 0 0 0 302 26
0 2 0 1 1 0 0 0 0 218 47
0 2 0 0 1 0 0 1 0 117 88
1 2 0 2 1 0 1 0 0 37 1
0 2 1 2 1 0 1 0 0 12 1
0 2 0 2 1 0 1 1 0 33 6
0 2 0 2 1 0 1 0 1 30 3
1 2 0 2 1 1 1 2 0 20 1
0 2 1 2 1 1 1 2 0 18 1
0 2 0 2 1 1 1 2 1 23 1
2 1 1 0 1 2 0 0 0 18 1
2 0 1 1 1 2 0 0 0 31 1
2 0 1 0 1 2 1 0 0 37 1
2 0 1 0 1 2 0 1 0 22 3
2 0 1 0 1 2 0 0 1 19 8
2 2 1 1 1 0 0 0 0 58 1
2 2 1 0 1 0 1 0 0 113 1
2 2 1 0 1 0 0 0 1 106 4
2 2 1 0 1 1 2 1 0 4 32
2 2 1 0 1 0 2 1 1 1 25
2 2 0 1 1 0 1 0 0 27 42
2 2 0 0 1 0 1 0 1 17 47
2 2 0 1 1 2 1 1 0 4 21
2 2 0 0 1 2 1 1 1 54 1
1 2 1 0 2 0 0 0 1 8 33
1 2 0 1 2 0 0 0 1 12 34
1 2 0 0 2 0 1 0 1 16 22
1 2 0 0 2 0 0 1 1 29 13
1 2 1 0 2 1 2 0 1 38 1
1 2 0 0 2 1 2 1 1 3 20
0 1 0 1 0 0 0 2 0 37 35
0 1 0 0 0 0 1 2 0 51 17
2 1 1 0 1 0 0 2 0 14 25
2 1 0 1 1 0 0 2 0 31 3
2 1 0 0 1 1 0 2 0 20 12
2 1 0 0 1 0 0 2 1 1 8
2 1 1 0 1 1 2 2 0 1 30
2 1 2 1 1 1 2 2 1 114 1
0 1 0 1 2 0 0 0 0 15 33
0 1 0 0 2 0 0 1 0 21 53
2 1 0 1 2 0 0 1 0 3 24
2 1 0 0 2 1 0 1 0 2 10
2 1 0 0 2 0 1 1 0 24 19
2 1 0 1 2 2 1 1 0 3 21
2 1 0 0 2 2 1 1 1 21 1
1 1 1 0 2 0 0 0 2 39 1
1 1 0 1 2 0 0 0 2 10 8
1 1 0 0 2 0 1 0 2 36 5
1 1 1 0 2 2 1 0 2 47 1
1 1 0 1 2 2 1 0 2 17 1
1 1 0 2 0 1 2 0 0 21 6
0 1 1 2 0 1 2 0 0 13 20
0 1 0 2 0 1 2 1 0 9 15
0 1 0 2 0 1 2 0 1 2 9
1 1 2 2 1 1 2 0 0 38 1
0 1 2 2 1 1 2 1 0 27 1
0 1 2 2 1 1 2 0 1 2 15
2 1 1 0 1 2 1 2 0 28 1
2 1 0 1 1 2 1 2 0 7 1
2 1 0 0 1 2 1 2 1 8 1
2 1 0 2 1 0 0 0 1 14 35
1 2 1 0 0 0 0 0 0 8 7
1 2 0 1 0 0 0 0 0 66 19
1 2 0 0 0 1 0 0 0 20 15
1 2 1 0 0 0 0 1 2 3 1
1 2 0 1 0 0 0 1 2 8 2
1 2 0 0 0 1 0 1 2 4 1
1 2 0 0 0 0 1 1 2 12 4
1 2 2 1 0 1 0 1 2 21 1
1 2 2 1 0 0 1 1 2 23 1
2 0 2 0 1 0 1 0 1 3 20
2 0 2 0 1 0 0 1 1 27 49
2 1 2 2 1 0 1 0 1 8 1
2 0 2 2 1 0 1 1 1 78 1
2 1 0 1 2 1 0 2 1 9 1
2 1 1 1 1 0 2 0 2 5 27
2 1 0 1 1 0 2 1 2 36 1
0 1 0 1 2 0 2 0 1 3 13
2 1 1 1 2 2 2 1 1 1 1
1 2 0 1 1 0 0 0 2 44 4
1 2 0 0 1 1 0 0 2 41 8
1 2 0 0 1 0 1 0 2 58 5
1 2 1 0 1 0 2 1 2 1 1
2 1 1 0 1 1 0 2 2 1 12
2 1 0 0 1 1 1 2 2 34 1
1 0 2 0 0 0 1 0 0 101 28
1 0 2 0 0 0 0 0 1 49 16
1 0 2 1 2 0 0 1 0 12 18
1 0 2 0 2 0 0 1 1 17 17
1 2 2 1 2 1 1 0 0 25 1
1 2 2 2 2 1 1 1 1 78 1
2 2 1 2 1 1 1 0 0 77 1
2 2 1 2 1 1 0 1 0 2 20
2 2 1 2 1 1 0 0 1 72 1
1 0 2 0 2 0 1 0 1 37 4
1 2 2 0 2 0 1 1 1 45 1
2 2 0 1 1 2 0 1 1 1 18
1 2 1 0 0 2 1 0 0 9 3
1 2 0 1 0 2 1 0 0 20 1
1 2 0 0 0 2 1 0 1 5 2
1 2 2 0 1 2 1 0 1 35 1
0 1 1 1 2 2 0 0 0 15 10
0 1 0 1 2 2 1 0 0 6 7
0 1 0 1 2 2 0 1 0 5 20
2 1 1 1 2 2 1 0 0 1 16
2 1 0 1 2 2 1 0 1 6 1
2 1 1 1 2 2 1 2 1 1 1
1 1 0 1 2 2 1 2 0 14 1
0 1 1 1 2 2 1 2 0 4 1
0 1 0 1 2 2 1 2 1 7 1
0 2 0 1 1 1 2 0 0 35 1
0 2 0 1 1 0 2 0 1 22 3
0 2 1 1 1 2 2 1 0 1 1
1 2 2 1 1 2 2 1 1 36 1
1 1 0 0 2 0 1 2 0 31 2
0 1 0 0 2 0 1 2 1 8 18
1 1 0 1 2 0 1 2 2 38 1
1 1 0 2 2 0 1 2 1 1 17
0 1 1 2 2 0 1 2 1 2 13
0 1 0 2 0 0 0 1 0 18 20
1 1 0 2 0 0 1 2 0 6 3
2 1 2 1 1 0 2 0 1 44 1
2 2 1 1 1 2 1 0 0 44 1
2 2 1 1 1 2 0 0 1 8 1
2 1 1 2 0 1 0 0 0 5 12
2 1 1 2 0 0 1 0 0 12 4
2 1 1 2 0 0 0 1 0 3 9
2 1 1 2 0 0 0 0 1 5 16
1 1 1 2 0 2 0 0 0 15 1
1 1 0 2 1 2 0 0 0 42 1
1 1 0 2 0 2 1 0 0 7 14
1 1 0 2 0 2 0 1 0 5 7
1 1 0 2 0 2 0 0 1 12 11
1 1 1 2 0 2 2 0 1 16 1
1 1 0 2 0 2 2 1 1 4 10
1 2 0 2 1 0 0 1 0 15 1
0 2 0 2 1 1 0 1 0 1 3
0 2 0 2 1 0 0 1 1 32 7
1 2 1 1 0 2 2 1 0 1 1
1 2 1 0 0 2 2 1 1 2 1
1 2 0 2 1 0 0 0 1 20 1
1 2 2 1 0 1 0 0 0 4 5
1 2 2 1 0 0 1 0 0 27 1
1 2 2 1 0 0 0 0 1 16 7
0 1 1 2 0 0 2 1 0 6 10
0 1 1 2 0 0 2 0 1 5 20
1 1 2 1 0 0 0 2 0 8 8
0 1 2 1 0 1 0 2 0 5 2
0 1 2 1 0 0 0 2 1 7 5
1 1 2 1 0 2 1 2 0 18 1
0 1 2 1 0 2 1 2 1 6 1
1 1 2 1 0 1 2 2 0 1 8
1 1 2 1 0 0 2 2 1 2 13
2 1 2 1 2 1 1 0 0 1 17
0 2 0 2 1 2 1 1 1 14 1
2 1 2 0 1 2 1 1 0 42 1
0 2 1 2 1 0 2 1 1 5 27
1 0 2 1 1 1 2 0 2 59 1
1 1 2 0 0 1 0 2 0 3 7
1 0 2 1 0 1 0 2 0 10 5
1 0 2 0 0 1 1 2 0 9 2
1 0 2 0 0 1 0 2 1 2 5
1 1 2 1 2 1 1 2 2 64 1
2 1 0 2 2 1 0 1 1 4 19
1 2 1 1 2 0 2 0 1 1 17
1 2 1 0 2 0 2 1 1 11 1
2 2 0 2 1 1 0 1 1 1 15
0 1 1 2 1 0 0 0 2 34 4
2 1 1 2 1 0 1 0 2 30 1
2 1 1 2 1 0 0 1 2 37 1
1 2 2 0 0 0 1 0 1 28 2
1 2 2 0 0 0 0 1 1 21 5
1 2 1 2 1 2 2 1 1 88 1
0 1 1 0 0 2 2 1 0 14 2
0 1 0 0 0 2 2 1 1 1 4
1 1 2 0 0 2 2 1 1 2 5
0 1 2 1 0 2 2 1 1 1 6
0 1 2 0 1 2 2 1 1 30 1
1 2 2 1 0 1 1 2 0 5 1
1 2 2 0 1 1 1 2 0 48 1
1 2 2 0 0 1 1 2 1 1 7
1 2 2 1 1 1 1 2 2 35 1
1 2 1 0 2 1 0 1 2 1 1
1 2 1 0 1 2 1 0 2 34 1
1 1 1 0 2 0 0 2 0 24 1
1 1 1 2 2 0 1 2 0 29 1
2 1 2 1 1 1 0 2 0 20 1
2 1 2 1 0 1 1 2 0 5 1
2 0 1 0 1 0 1 0 2 21 1
2 1 1 0 1 0 1 2 2 57 1
1 2 1 0 2 2 1 0 1 1 11
1 2 0 1 2 2 1 0 1 31 1
0 2 1 1 1 0 0 2 0 36 6
0 2 0 1 1 1 0 2 0 13 1
1 2 0 1 1 1 0 2 2 39 1
1 2 0 1 1 0 1 2 2 31 1
1 2 2 0 1 0 1 2 1 43 1
1 1 2 2 1 2 1 0 0 4 23
2 1 1 0 0 0 1 2 0 19 9
2 1 0 1 0 0 1 2 0 8 2
2 1 1 2 0 1 1 2 0 21 1
2 1 1 2 0 0 1 2 1 16 1
1 0 2 2 0 0 1 0 1 17 1
1 0 2 2 0 0 0 1 1 12 4
2 1 1 1 1 2 2 0 0 6 1
1 1 0 2 2 1 1 0 2 5 1
1 2 1 1 0 0 2 0 0 1 4
1 2 0 1 0 2 2 1 1 4 1
1 1 0 0 0 0 2 1 2 16 4
1 1 1 0 2 0 2 1 2 21 1
1 1 0 0 0 0 1 2 2 17 1
0 1 0 0 0 1 1 2 2 5 5
0 1 1 1 0 2 1 2 2 6 1
1 1 1 2 2 1 0 0 2 27 1
1 2 2 1 2 2 1 1 1 9 1
1 2 1 1 0 1 0 2 2 1 11
1 1 1 0 0 2 2 0 0 16 1
1 0 1 1 0 2 2 1 2 5 1
1 1 1 0 0 0 2 0 2 38 1
0 1 1 1 0 0 2 0 2 6 20
0 1 1 0 0 1 2 0 2 7 17
2 1 1 0 0 0 1 0 2 11 19
2 1 0 1 0 0 1 0 2 2 10
2 1 0 0 0 1 1 0 2 1 8
2 1 0 0 0 0 1 1 2 8 12
2 1 1 1 0 2 1 0 2 3 10
1 1 0 0 0 2 0 2 1 16 2
0 1 0 2 0 1 1 2 0 2 1
0 1 1 2 2 1 1 2 0 15 1
1 1 0 2 0 0 1 0 2 4 5
1 1 2 2 0 1 1 0 2 1 1
1 1 2 0 0 0 1 0 2 3 11
1 2 2 1 1 1 0 0 2 56 1
1 2 1 2 0 0 1 0 0 3 2
1 2 1 2 1 2 0 0 1 21 1
1 2 1 2 0 2 1 0 1 3 4
1 2 1 2 0 2 0 1 1 2 8
2 1 2 1 0 1 2 0 1 2 12
1 2 1 0 1 0 0 2 0 8 9
1 2 0 0 1 0 1 2 0 21 1
1 2 0 0 1 0 0 2 1 23 1
1 2 2 1 1 1 0 2 0 23 1
2 2 1 0 1 1 1 0 2 19 1
1 0 1 0 0 0 2 1 2 8 1
1 0 1 1 2 1 2 0 2 1 11
1 0 1 1 2 0 2 1 2 5 1
1 1 1 0 0 0 2 2 0 42 1
0 1 1 1 0 0 2 2 0 10 10
2 1 1 0 1 2 0 2 1 5 1
2 1 2 2 0 1 0 1 1 4 9
0 1 1 2 0 1 0 2 0 8 1
1 1 1 2 0 2 1 2 0 16 1
2 1 2 1 0 1 2 1 0 2 2
2 1 2 0 0 1 2 1 1 1 12
1 2 1 1 0 1 2 0 2 1 4
1 0 2 2 1 0 1 2 1 30 1
1 2 2 1 2 0 0 1 1 4 14
2 2 1 1 1 2 1 1 2 45 1
2 2 1 1 1 0 1 2 0 29 1
1 2 1 0 0 0 1 2 0 7 15
1 1 1 2 0 0 2 1 2 8 1
2 1 0 2 0 0 1 0 1 16 1
1 1 2 1 0 0 2 0 0 1 6
0 1 2 1 0 1 2 0 0 5 4
0 1 0 2 0 2 1 0 1 2 6
1 2 1 0 1 2 1 2 0 21 1
1 1 2 2 1 2 2 1 1 5 1
1 2 2 2 0 0 1 1 1 6 1
1 2 1 2 1 2 1 2 1 3 1
2 1 2 1 1 1 2 1 2 2 1
